[gd_scene load_steps=9 format=2]

[ext_resource path="res://escenarios/fase1/test.meshlib" type="MeshLibrary" id=1]
[ext_resource path="res://personajes/matildaplus/prefab/MatildaPlus.tscn" type="PackedScene" id=2]
[ext_resource path="res://objetos/walkie_talkie/Walkie.tscn" type="PackedScene" id=3]
[ext_resource path="res://personajes/alien3/prefab/alien3.tscn" type="PackedScene" id=4]
[ext_resource path="res://objetos/onda/Onda.tscn" type="PackedScene" id=5]
[ext_resource path="res://escenarios/fase1/Navegador.gd" type="Script" id=6]

[sub_resource type="Animation" id=1]
resource_name = "walkie_rotando"
length = 20.0
loop = true
tracks/0/type = "bezier"
tracks/0/path = NodePath(".:rotation_degrees:y")
tracks/0/interp = 1
tracks/0/loop_wrap = true
tracks/0/imported = false
tracks/0/enabled = true
tracks/0/keys = {
"points": PoolRealArray( 0, -0.25, 0, 0.25, 0, 359, -0.25, 0, 0.25, 0 ),
"times": PoolRealArray( 0, 19.9 )
}
tracks/1/type = "bezier"
tracks/1/path = NodePath(".:translation:y")
tracks/1/interp = 1
tracks/1/loop_wrap = true
tracks/1/imported = false
tracks/1/enabled = true
tracks/1/keys = {
"points": PoolRealArray( 1.6, -0.25, 0, 0.25, 0, 2, -0.25, 0, 0.25, 0, 1.6, -0.25, 0, 0.25, 0, 2, -0.25, 0, 0.25, 0, 1.6, -0.25, 0, 0.25, 0 ),
"times": PoolRealArray( 0, 5, 10, 15.2, 19.9 )
}

[sub_resource type="Animation" id=2]
resource_name = "walkie_rotando"
length = 20.0
loop = true
tracks/0/type = "bezier"
tracks/0/path = NodePath(".:rotation_degrees:y")
tracks/0/interp = 1
tracks/0/loop_wrap = true
tracks/0/imported = false
tracks/0/enabled = true
tracks/0/keys = {
"points": PoolRealArray( 0, -0.25, 0, 0.25, 0, 359, -0.25, 0, 0.25, 0 ),
"times": PoolRealArray( 0, 19.9 )
}
tracks/1/type = "bezier"
tracks/1/path = NodePath(".:translation:y")
tracks/1/interp = 1
tracks/1/loop_wrap = true
tracks/1/imported = false
tracks/1/enabled = true
tracks/1/keys = {
"points": PoolRealArray( 1.6, -0.25, 0, 0.25, 0, 2, -0.25, 0, 0.25, 0, 1.6, -0.25, 0, 0.25, 0, 2, -0.25, 0, 0.25, 0, 1.6, -0.25, 0, 0.25, 0 ),
"times": PoolRealArray( 0, 5, 10, 15.2, 19.9 )
}

[node name="Spatial" type="Spatial"]

[node name="GridMap" type="GridMap" parent="."]
mesh_library = ExtResource( 1 )
data = {
"cells": PoolIntArray( 0, 0, 655361, 1, 0, 1048577, 2, 0, 1048577, 3, 0, 0, 4, 0, 1441794, 65530, 0, 1441794, 65531, 0, 655360, 65532, 0, 1, 65533, 0, 1, 65534, 0, 0, 65535, 0, 2, 0, 1, 2, 1, 1, 1, 2, 1, 655360, 3, 1, 1048577, 4, 1, 655362, 65530, 1, 2, 65531, 1, 0, 65532, 1, 1048578, 65533, 1, 1, 65534, 1, 2, 65535, 1, 2, 0, 2, 2, 1, 2, 0, 2, 2, 2, 3, 2, 1, 4, 2, 2, 65530, 2, 2, 65531, 2, 1441793, 65532, 2, 1, 65533, 2, 1441793, 65534, 2, 1, 65535, 2, 0, 0, 3, 1441793, 1, 3, 655360, 2, 3, 1, 3, 3, 1, 4, 3, 2, 65530, 3, 0, 65531, 3, 1, 65532, 3, 655360, 65533, 3, 1, 65534, 3, 1441794, 65535, 3, 1, 0, 4, 1441794, 1, 4, 2, 2, 4, 1441794, 3, 4, 2, 4, 4, 2, 65530, 4, 2, 65531, 4, 2, 65532, 4, 2, 65533, 4, 1048578, 65534, 4, 655362, 65535, 4, 2, 2, 65530, 655364, 0, 65531, 2, 1, 65531, 2, 2, 65531, 655362, 3, 65531, 2, 4, 65531, 2, 65530, 65531, 2, 65531, 65531, 2, 65532, 65531, 655362, 65533, 65531, 1441794, 65534, 65531, 1441794, 65535, 65531, 655362, 0, 65532, 1, 1, 65532, 1441793, 2, 65532, 1, 3, 65532, 1, 4, 65532, 0, 65530, 65532, 2, 65531, 65532, 1, 65532, 65532, 1, 65533, 65532, 1, 65534, 65532, 0, 65535, 65532, 0, 0, 65533, 655362, 1, 65533, 1, 2, 65533, 655362, 3, 65533, 1, 4, 65533, 2, 65530, 65533, 2, 65531, 65533, 2, 65532, 65533, 1, 65533, 65533, 2, 65534, 65533, 655362, 65535, 65533, 2, 0, 65534, 655360, 1, 65534, 655360, 2, 65534, 1, 3, 65534, 1, 4, 65534, 2, 65530, 65534, 655362, 65531, 65534, 1, 65532, 65534, 1, 65533, 65534, 1, 65534, 65534, 1, 65535, 65534, 1441794, 0, 65535, 2, 1, 65535, 1441794, 2, 65535, 2, 3, 65535, 655360, 4, 65535, 1441794, 65530, 65535, 655362, 65531, 65535, 0, 65532, 65535, 2, 65533, 65535, 1048578, 65534, 65535, 2, 65535, 65535, 1048578 )
}
__meta__ = {
"_editor_clip_": 0
}

[node name="Walkie" parent="GridMap" instance=ExtResource( 3 )]
transform = Transform( 0.74534, -0.666456, -0.017451, 0.666415, 0.745528, -0.00891851, 0.018954, -0.00498225, 0.999808, -3.141, 1.6, 0.809 )

[node name="AnimationPlayer" type="AnimationPlayer" parent="GridMap/Walkie"]
autoplay = "walkie_rotando"
anims/walkie_rotando = SubResource( 1 )

[node name="Onda" parent="GridMap/Walkie" instance=ExtResource( 5 )]
transform = Transform( 0.74534, 0.666415, 0.018954, -0.666456, 0.745527, -0.00498228, -0.017451, -0.00891853, 0.999808, -0.0189837, 0.226769, -0.0540797 )

[node name="Walkie2" parent="GridMap" instance=ExtResource( 3 )]
transform = Transform( -0.341043, 0.294172, -0.892834, 0.666415, 0.745528, -0.00891851, 0.663009, -0.598039, -0.450298, 1.15954, 1.52322, -2.71254 )

[node name="AnimationPlayer" type="AnimationPlayer" parent="GridMap/Walkie2"]
autoplay = "walkie_rotando"
anims/walkie_rotando = SubResource( 2 )

[node name="Onda" parent="GridMap/Walkie2" instance=ExtResource( 5 )]
transform = Transform( -0.341043, 0.666415, 0.663009, 0.294172, 0.745528, -0.598039, -0.892834, -0.00891832, -0.450298, -0.364076, 0.290295, -0.155455 )

[node name="DirectionalLight" type="DirectionalLight" parent="."]
transform = Transform( 0.898947, 0.176946, -0.400731, 0.159309, 0.720097, 0.675338, 0.408063, -0.670933, 0.61914, 0, 6.64063, 6.30921 )
light_color = Color( 0.811765, 0.752941, 0.282353, 1 )
light_energy = 1.17
light_indirect_energy = 2.2
shadow_enabled = true

[node name="Camera" type="InterpolatedCamera" parent="."]
transform = Transform( 0.819322, 0.394432, -0.416095, 0, 0.725747, 0.687962, 0.573333, -0.563662, 0.59462, -6.01214, 10.6866, 7.93523 )
projection = 1
size = 20.0
target = NodePath("../MatildaPlus/Position3D")
speed = 0.5

[node name="MatildaPlus" parent="." instance=ExtResource( 2 )]
transform = Transform( -1.99977, 0, -0.0300876, 0, 2, 0, 0.0300876, 0, -1.99977, -4.88113, 1.38644, 0.902528 )
celeridad = 300

[node name="Position3D" type="Position3D" parent="MatildaPlus"]
transform = Transform( -1, -2.30405e-07, 2.30405e-07, 0, 0.707107, 0.707108, -3.25842e-07, 0.707107, -0.707108, 0, 4, -4 )

[node name="Timer" type="Timer" parent="MatildaPlus"]
one_shot = true

[node name="alien3" parent="." instance=ExtResource( 4 )]
transform = Transform( 0.858025, 0, 7.95385, 0, 8, 0, -7.95385, 0, 0.858025, 6.25199, 1.15016, 1.49643 )

[node name="Navegador" type="Spatial" parent="."]
script = ExtResource( 6 )
casillas_suelo = [ 0, 1 ]

[node name="Spatial" type="Spatial" parent="."]
transform = Transform( 1, 0, 0, 0, 1, 0, 0, 0, 1, -4.28032, 2.96069, 0 )
